100  100  100  100  100  100  100  100  100  50  ;
100  99.3145  98.5405  97.5722  96.2611  94.3604  91.3845  86.1987  75.6855  50  ;
100  98.7177  97.2751  95.4873  93.112  89.7959  84.9788  77.7249  66.5431  50  ;
100  98.281  96.355  93.99  90.9035  86.7325  81.01  73.1789  62.7622  50  ;
100  98.0516  95.8736  93.2144  89.7795  85.2205  79.1497  71.2185  61.3269  50  ;
100  98.0516  95.8736  93.2144  89.7795  85.2205  79.1497  71.2185  61.3269  50  ;
100  98.281  96.355  93.99  90.9035  86.7325  81.01  73.1789  62.7622  50  ;
100  98.7177  97.2751  95.4873  93.112  89.7959  84.9788  77.7249  66.5431  50  ;
100  99.3145  98.5405  97.5722  96.2611  94.3604  91.3845  86.1987  75.6855  50  ;
100  100  100  100  100  100  100  100  100  50  ;
